2419674.3980   0.0100  0.0142 -77803
2419685.4190   0.0100  0.0119 -77779
2419686.3380   0.0100  0.0123 -77777
2419687.2570   0.0100  0.0127 -77775
2420024.3830   0.0100  0.0102 -77041
2420037.2430   0.0100  0.0097 -77013
2420039.0800   0.0100  0.0095 -77009
2420042.2960   0.0100  0.0104 -77002
2420054.2380   0.0100  0.0105 -76976
2420076.2840   0.0100  0.0100 -76928
2420122.2140   0.0100  0.0096 -76828
2424373.5220   0.0100  0.0078 -67572
2424379.4920   0.0100  0.0068 -67559
2424415.3160   0.0100  0.0052 -67481
2425069.3530   0.0100 -0.0055 -66057
2425086.3500   0.0100 -0.0027 -66020
2425087.2720   0.0100  0.0007 -66018
2425092.3220   0.0100 -0.0016 -66007
2425093.2380   0.0100 -0.0042 -66005
2425096.4550   0.0100 -0.0024 -65998
2425097.3740   0.0100 -0.0020 -65996
2425097.3771   0.0100  0.0011 -65996
2425098.2930   0.0100 -0.0016 -65994
2425102.4250   0.0100 -0.0033 -65985
2425104.2640   0.0100 -0.0015 -65981
2425108.3960   0.0100 -0.0032 -65972
2425120.3380   0.0100 -0.0031 -65946
2425121.2570   0.0100 -0.0027 -65944
2425125.3910   0.0100 -0.0025 -65935
2425127.2280   0.0100 -0.0027 -65931
2425127.2290   0.0100 -0.0017 -65931
2426577.2510   0.0100  0.0003 -62774
2426949.2870   0.0100  0.0008 -61964
2426971.3310   0.0100 -0.0018 -61916
2427325.4580   0.0100  0.0025 -61145
2427662.5840   0.0100 -0.0000 -60411
2427769.1370   0.0100 -0.0053 -60179
2427769.1390   0.0100 -0.0033 -60179
2428021.3020   0.0100  0.0022 -59630
2428031.8720   0.0100  0.0083 -59607
2428067.2380   0.0100  0.0079 -59530
2433860.4240   0.0100  0.0034 -46917
2433895.3220   0.0100 -0.0056 -46841
2433895.3230   0.0100 -0.0046 -46841
2433898.5360   0.0100 -0.0067 -46834
2433898.5400   0.0100 -0.0027 -46834
2433900.3800   0.0100  0.0000 -46830
2433900.3800   0.0100  0.0000 -46830
2433917.3690   0.0100 -0.0052 -46793
2433917.3720   0.0100 -0.0022 -46793
2433918.2920   0.0100 -0.0008 -46791
2433918.2950   0.0100  0.0022 -46791
2433929.3160   0.0100 -0.0001 -46767
2434272.4160   0.0100  0.0005 -46020
2437139.3870   0.0100  0.0013 -39778
2437144.4400   0.0100  0.0020 -39767
2437522.4450   0.0100  0.0005 -38944
2437523.3580   0.0100 -0.0051 -38942
2437528.4190   0.0100  0.0035 -38931
2437533.4740   0.0100  0.0062 -38920
2437546.3320   0.0100  0.0037 -38892
2437557.3530   0.0100  0.0014 -38868
2437575.2620   0.0100 -0.0024 -38829
2437908.2540   0.0100 -0.0052 -38104
2437925.2480   0.0100 -0.0054 -38067
2438285.8033   0.0100 -0.0030 -37282
2438675.7580   0.0100  0.0033 -36433
2438697.3390   0.0100 -0.0029 -36386
2439026.6640   0.0100  0.0017 -35669
2440549.7090   0.0010 -0.0025 -32353
2441208.3470   0.0100 -0.0052 -30919
2445586.4398   0.0100  0.0101 -21387
2445586.4419   0.0100  0.0122 -21387
2446640.5350   0.0080  0.0045 -19092
2447014.4010   0.0100 -0.0022 -18278
2447747.4560   0.0100  0.0050 -16682
2448090.5520   0.0100  0.0015 -15935
2448189.2960   0.0100 -0.0046 -15720
2448500.2802   0.0100  0.0313 -15043
2449635.6500   0.0040  0.0038 -12571
2450003.5560   0.0050  0.0080 -11770
2450257.5490   0.0020  0.0063 -11217
2450257.5490   0.0030  0.0063 -11217
2450257.5550   0.0080  0.0123 -11217
2450332.4130   0.0100  0.0039 -11054
2450347.5650   0.0020 -0.0011 -11021
2450361.3466   0.0003  0.0014 -10991
2450699.3925   0.0003  0.0002 -10255
2451045.7060   0.0040 -0.0009  -9501
2451051.6780   0.0040  0.0002  -9488
2451056.7270   0.0030 -0.0031  -9477
2451109.5510   0.0030  0.0010  -9362
2451287.7620   0.0100  0.0024  -8974
2451429.6860   0.0030  0.0017  -8665
2451435.6500   0.0080 -0.0052  -8652
2451452.6400   0.0100 -0.0094  -8615
2451782.4260   0.0100 -0.0031  -7897
2451785.6420   0.0080 -0.0022  -7890
2451812.7430   0.0040 -0.0001  -7831
2451837.5540   0.0040  0.0085  -7777
2451840.2930   0.0100 -0.0083  -7771
2451840.3019   0.0100  0.0006  -7771
2452142.5330   0.0100  0.0102  -7113
2452853.5298   0.0100  0.0058  -5565
2452854.4580   0.0100  0.0154  -5563
2452893.0260   0.0020  0.0019  -5479
2452902.6721   0.0013  0.0026  -5458
2452929.3140   0.0100  0.0050  -5400
2452966.9730   0.0100  0.0011  -5318
2453209.4910   0.0100  0.0070  -4790
2453226.4830   0.0050  0.0048  -4753
2453239.8017   0.0013  0.0037  -4724
2453250.3660   0.0100  0.0041  -4701
2453254.5050   0.0050  0.0093  -4692
2453265.9810   0.0030  0.0028  -4667
2453315.5860   0.0013  0.0030  -4559
2453570.5050   0.0050  0.0088  -4004
2453581.5220   0.0030  0.0025  -3980
2453587.4970   0.0020  0.0066  -3967
2453598.5200   0.0020  0.0063  -3943
2453616.4290   0.0020  0.0025  -3904
2453672.0043   0.0018  0.0021  -3783
2453729.8760   0.0100  0.0016  -3657
2453936.5640   0.0020  0.0032  -3207
2453942.5360   0.0020  0.0042  -3194
2453948.5060   0.0030  0.0033  -3181
2453960.4460   0.0020  0.0014  -3155
2453970.5530   0.0030  0.0037  -3133
2454000.4070   0.0020  0.0030  -3068
2454017.4010   0.0040  0.0028  -3031
2454018.3210   0.0020  0.0042  -3029
2454023.3720   0.0020  0.0029  -3018
2454023.3722   0.0010  0.0031  -3018
2454024.2980   0.0200  0.0103  -3016
2454033.9350   0.0100  0.0019  -2995
2454058.2890   0.0200  0.0128  -2942
2454277.8260   0.0020  0.0029  -2464
2454316.4080   0.0030  0.0035  -2380
2454343.5100   0.0050  0.0066  -2321
2454349.4800   0.0040  0.0056  -2308
2454355.4490   0.0020  0.0037  -2295
2454356.3700   0.0050  0.0061  -2293
2454360.0409   0.0017  0.0026  -2285
2454372.4390   0.0020 -0.0005  -2258
2454394.0280   0.0020  0.0012  -2211
2454400.9190   0.0100  0.0027  -2196
2454677.4210   0.0020  0.0042  -1594
2454682.4710   0.0030  0.0019  -1583
2454699.4680   0.0020  0.0047  -1546
2454700.3850   0.0020  0.0030  -1544
2454705.4368   0.0012  0.0025  -1533
2454724.7250   0.0010 -0.0000  -1491
2454727.4840   0.0030  0.0032  -1485
2454728.4110   0.0100  0.0116  -1483
2454753.2040   0.0020  0.0022  -1429
2454757.3430   0.0100  0.0075  -1420
2454784.8930   0.0100 -0.0007  -1360
2455037.5146   0.0015  0.0041   -810
2455055.4270   0.0020  0.0037   -771
2455082.5230   0.0020  0.0008   -712
2455083.4434   0.0009  0.0026   -710
2455088.4970   0.0020  0.0039   -699
2455122.9410   0.0100  0.0002   -624
2455138.5600   0.0012  0.0029   -590
2455138.5600   0.0020  0.0029   -590
2455388.8790   0.0030  0.0016    -45
2455409.5485   0.0015  0.0025      0
2455420.5710   0.0030  0.0017     24
2455423.7870   0.0040  0.0026     31
2455443.9890   0.0100 -0.0047     75
2455445.3740   0.0020  0.0024     78
2455453.6420   0.0020  0.0029     96
2455765.5074   0.0014  0.0015    775
2455770.5608   0.0014  0.0025    786
2455777.9087   0.0007  0.0016    802
2455783.4220   0.0020  0.0032    814
2455790.7716   0.0009  0.0040    830
2455799.4975   0.0010  0.0031    849
2455804.5499   0.0015  0.0032    860
2455806.3873   0.0012  0.0034    864
2455806.8453   0.0010  0.0021    865
2455834.4031   0.0010  0.0017    925
2455836.7000   0.0010  0.0021    930
2455846.3480   0.0020  0.0047    951
2456120.5497   0.0014  0.0024   1548
2456121.4683   0.0015  0.0024   1550
2456148.5670   0.0020  0.0022   1609
2456160.5095   0.0015  0.0029   1635
2456161.4284   0.0015  0.0032   1637
2456177.5030   0.0020  0.0021   1672
2456181.6361   0.0013  0.0015   1681
2456206.4389   0.0010  0.0020   1735
2456219.2990   0.0020  0.0016   1763
2456262.9332   0.0020  0.0020   1858
2456449.8691   0.0009  0.0015   2265
2456487.5341   0.0014  0.0036   2347
2456488.4521   0.0016  0.0030   2349
2456515.5505   0.0016  0.0025   2408
2456516.0053   0.0020 -0.0020   2409
2456517.3873   0.0014  0.0021   2412
2456539.4346   0.0015  0.0029   2460
2456540.3533   0.0030  0.0030   2462
2456557.3462   0.0016  0.0017   2499
2456570.6654   0.0009  0.0011   2528
2456574.3408   0.0028  0.0020   2536
2456857.7315   0.0020  0.0027   3153
2456887.5840   0.0010  0.0005   3218
2456901.3660   0.0007  0.0034   3248
2456921.5742   0.0019  0.0023   3292
2456922.4973   0.0046  0.0068   3294
2456928.4639   0.0013  0.0024   3307
2456979.9059   0.0020  0.0025   3419
2457202.2093   0.0013  0.0031   3903
2457215.5258   0.0011 -0.0001   3932
2457216.4465   0.0027  0.0019   3934
2457221.4995   0.0015  0.0026   3945
2457227.4701   0.0014  0.0023   3958
2457230.6853   0.0012  0.0023   3965
2457239.4118   0.0016  0.0021   3984
2457266.5097   0.0014  0.0011   4043
2457321.6261   0.0008  0.0011   4163
2457321.6264   0.0008  0.0014   4163
2457567.8145   0.0019  0.0030   4699
2457595.8294   0.0008  0.0005   4760
2457613.7461   0.0012  0.0043   4799
2457635.7903   0.0007  0.0020   4847
2457640.3838   0.0014  0.0024   4857
2457649.5691   0.0017  0.0017   4877
2457663.3493   0.0017  0.0028   4907
2457699.6329   0.0008  0.0014   4986
2457904.9420   0.0010  0.0020   5433
2457951.7912   0.0009  0.0023   5535
2457988.5350   0.0020  0.0019   5615
2458011.4960   0.0020 -0.0023   5665
2458024.3615   0.0007  0.0027   5693
2458030.3324   0.0008  0.0027   5706
2458032.6288   0.0009  0.0026   5711
2458042.7334   0.0005  0.0025   5733
2458051.9188   0.0008  0.0018   5753
2458064.3200   0.0006  0.0019   5780
2458348.1716   0.0014  0.0041   6398
2458355.5192   0.0008  0.0029   6414
2458356.4389   0.0009  0.0040   6416
2458396.3985   0.0009  0.0042   6503
2458671.5217   0.0011  0.0048   7102
2458699.9999   0.0100  0.0062   7164
2458745.4741   0.0100  0.0094   7263
2458754.6576   0.0100  0.0068   7283
2458809.3202   0.0100  0.0124   7402
2458999.9294   0.0100  0.0108   7817
2459033.9054   0.0100 -0.0017   7891
2459062.3880   0.0100  0.0041   7953
2459068.8183   0.0008  0.0042   7967
2459073.8778   0.0100  0.0113   7978
2459078.9234   0.0100  0.0046   7989
2459084.9019   0.0100  0.0122   8002
2459089.4872   0.0007  0.0044   8012
2459095.9214   0.0100  0.0084   8026
2459138.6329   0.0009  0.0047   8119
2459154.7026   0.0100 -0.0012   8154
2459459.6867   0.0007  0.0056   8818
2459463.3615   0.0020  0.0060   8826
2459479.4359   0.0008  0.0048   8861
2459514.3441   0.0007  0.0059   8937
2459779.8217   0.0008  0.0063   9515
2459823.4564   0.0009  0.0072   9610
2459870.3045   0.0006  0.0064   9712
2459893.2710   0.0018  0.0077   9762
2460174.8232   0.0008  0.0071  10375
2460179.4180   0.0120  0.0089  10385
2460201.4634   0.0013  0.0077  10433
2460219.3755   0.0009  0.0070  10472
2460224.4283   0.0012  0.0075  10483
2460225.3482   0.0001  0.0088  10485